
!=============================================================
!Below are the results for the 4-leg single-band Hubbard model
!on the square lattice at 1/8 hole doping concentration
!=============================================================
**<1>: For Fig.1**
x   <n(x)>      <n(x)>
    U=8t,t'=0   U=12t,t'=-0.25t
17	0.91369	    0.88437
18	0.89615	    0.86652
19	0.86488	    0.86475
20	0.84162	    0.88244
21	0.83597	    0.88384
22	0.84937	    0.86641
23	0.87780	    0.86528
24	0.90593	    0.88251
25	0.91194	    0.88342
26	0.89066	    0.86630
27	0.85977	    0.86562
28	0.83932	    0.88268
29	0.83711	    0.88311
30	0.85359	    0.86611
31	0.88343	    0.86592
32	0.90928	    0.88289
33	0.90928	    0.88285
34	0.88499	    0.86588
35	0.85485	    0.86615
36	0.83748	    0.88316
37	0.83871	    0.88265
38	0.85834	    0.86560
39	0.88909	    0.86635
40	0.91134	    0.88347
41	0.90669	    0.88249
42	0.87913	    0.86527
43	0.85029	    0.86646
44	0.83608	    0.88389
45	0.84089	    0.88244
46	0.86350	    0.86476
47	0.89482	    0.86658
48	0.91330	    0.88442



**<2>: For Fig.2**
==For Fig.2(a) at U=12t,t'=-0.25t==
Trun_Err  Acdw(16x4)   Trun_Err  Acdw(24x4)   Trun_Err  Acdw(32x4)   Trun_Err  Acdw(48x4)   Trun_Err  Acdw(64x4)
4.749E-6	0.02969      5.094E-6	 0.02689	    5.222E-6	0.02569	     5.228E-6	 0.02483      5.240E-6	0.02456  
2.625E-6	0.02888      3.871E-6	 0.02615	    4.000E-6	0.02476	     4.085E-6	 0.02368      4.110E-6	0.02335  
1.592E-6	0.02848      2.952E-6	 0.02560	    3.080E-6	0.02404	     3.168E-6	 0.02274      3.200E-6	0.02229  
1.077E-6	0.02827      1.878E-6	 0.02493	    1.989E-6	0.02313	     2.078E-6	 0.02148      2.561E-6	0.02149
7.741E-7	0.02815      1.315E-6	 0.02455	    1.416E-6	0.02260	     1.508E-6	 0.02067      2.121E-6	0.02084
4.421E-7	0.02801      9.801E-7	 0.02431	    1.076E-6	0.02225	     1.167E-6	 0.02013      1.543E-6	0.01987
2.784E-7	0.02794      5.856E-7	 0.02404	    6.726E-7	0.02184	     7.526E-7	 0.01945      1.205E-6	0.01918
                       3.939E-7	 0.02389	    4.548E-7	0.02162	     5.108E-7	 0.01904      7.902E-7	0.01826
                                                                                            5.468E-7	0.01771

==For Fig.2(b) at t'=-0.25t
Lx  Acdw(U=8t)    Lx  Acdw(U=12t)
16	0.01868       16	0.02782  
24	0.01475       24	0.02364  
32	0.01302       32	0.02117  
48	0.01063       48	0.01820
64	0.00937       64	0.01645



**<3>: For Fig.3**
==For Fig.3(a) at U=12t and t'=-0.25==
Trun_Err  SC(16x4)   Trun_Err  SC(24x4)    Trun_Err  SC(32x4)    Trun_Err  SC(48x4)    Trun_Err  SC(64x4)
4.749E-6	1.054E-4   5.094E-6	 4.080E-5	   5.222E-6	 1.646E-5	   5.228E-6	 2.811E-6    5.240E-6	 4.623E-7  
2.625E-6	1.104E-4   3.871E-6	 4.485E-5	   4.000E-6	 1.966E-5	   4.085E-6	 4.102E-6    4.110E-6	 8.335E-7
1.592E-6	1.127E-4   2.952E-6	 4.817E-5	   3.080E-6	 2.258E-5	   3.168E-6	 5.543E-6    3.200E-6	 1.337E-6  
1.077E-6	1.137E-4   1.878E-6	 5.229E-5	   1.989E-6	 2.662E-5	   2.078E-6	 8.107E-6    2.561E-6	 1.894E-6
7.741E-7	1.143E-4   1.315E-6	 5.471E-5	   1.416E-6	 2.922E-5	   1.508E-6	 1.025E-5    2.121E-6	 2.488E-6
4.421E-7	1.148E-4   9.801E-7	 5.629E-5	   1.076E-6	 3.105E-5	   1.167E-6	 1.193E-5    1.543E-6	 3.674E-6
2.784E-7	1.149E-4   5.856E-7	 5.799E-5	   6.726E-7	 3.311E-5	   7.526E-7	 1.429E-5    1.205E-6	 4.770E-6 
                     3.939E-7	 5.889E-5	   4.548E-7	 3.434E-5	   5.108E-7	 1.596E-5    7.902E-7	 6.668E-6
                                                                                       5.468E-7	 8.143E-6
                                                                                       
==For Fig.3(b) at t'=-0.25==
Lx/2  SC(U=8t)    Lx/2  SC(U=12t)
 8	  1.835E-4     8	  1.151E-4  
12	  1.216E-4    12	  6.048E-5  
16	  7.383E-5    16	  3.673E-5  
24	  4.353E-5    24	  1.999E-5
32	  2.942E-5    32	  1.261E-5


**<4>: For Fig.4**
Lx/2  SC(U=8t)  SS(U=8t)    Lx/2  SC(U=12t)  SS(U=12t)
 8	  1.826E-4	0.02451      8	  1.151E-4	 0.02773
12	  1.216E-4	0.01497     12	  6.048E-5	 0.01684
16	  7.383E-5	0.01037     16	  3.673E-5	 0.01032
24	  4.353E-5	0.00482     24	  1.999E-5	 0.00381
32	  2.942E-5	0.00243     32	  1.261E-5	 0.00161



**<5>: For Fig.5**
Lx  Ln(Lx)    S(U=8t)    Lx  Ln(Lx)   S(U=12t)
16	2.77259	  2.89390    16	 2.77259	2.69944
24	3.17805	  3.05975    24	 3.17805	2.80876
32	3.46574	  3.12522    32	 3.46574	2.86591
48	3.87120	  3.20815    48	 3.87120	2.93634
64	4.15888	  3.26275    64	 4.15888	2.98368
